-0.0009568882392646747
-0.0009762117414138593
-0.0009961326632330523
-0.0010166756684968426
-0.0010378666684385546
-0.0010597329715921258
-0.0010823033653388089
-0.0011056081758993024
-0.0011296793993253115
-0.0011545508031499114
-0.0011802580383014614
-0.0012068387790400816
-0.0012343328560885153
-0.0012627823998473074
-0.0012922320143587494
-0.001322728933934811
-0.0013543232383220576
-0.001387068030136243
-0.0014210196741035327
-0.0014562380356967298
-0.0014927867580017359
-0.0015307335122294382
-0.0015701503681902656
-0.0016111140768347162
-0.0016537064847255351
-0.0016980149261301885
-0.0017441326697094847
-0.0017921594379243383
-0.0018422018631761537
-0.0018943742158247267
-0.0019487989157044637
-0.002005607349319984
-0.0020649406132761065
-0.0021269504134612555
-0.0021918000270089175
-0.002259665348370203
-0.002330736154334946
-0.002405217346055907
-0.002483330502823486
-0.002565315462671588
-0.0026514322248272046
-0.0027419629643609792
-0.00283721435938149
-0.0029375202137870027
-0.0030432443360890508
-0.0031547838719597943
-0.0032725730544184567
-0.003397087367025009
-0.003528848398228424
-0.003668429301915872
-0.0038164610175199795
-0.00397363938626779
-0.004140733395674262
-0.004318594526886473
-0.004508167633945224
-0.004710503484992484
-0.004926773393024239
-0.0051582860880064335
-0.0054065076017243184
-0.005673084450894707
-0.005959871001399658
-0.0062689617376557585
-0.006602729511963336
-0.0069638711525356585
-0.007355462003253954
-0.007781021456709033
-0.008244592126653467
-0.008750835972093668
-0.009305151663100532
-0.009913818725124332
-0.010584175628657405
-0.011324841326285752
-0.012145992830654255
-0.01305971532676555
-0.014080447765336148
-0.015225554451429453
-0.01651606516353782
-0.017977642981737384
-0.019641863389293007
-0.021547924439155226
-0.02374496179682998
-0.026295225733868742
-0.02927850630441532
-0.03279839872116375
-0.03699133514830213
-0.0420398673224322
-0.04819263930676977
-0.05579517787389213
-0.06533871085688184
-0.07754007605865279
-0.0934773786370681
-0.11483018069514592
-0.14432608946508912
-0.18662012904911954
-0.25014758652691205
-0.35135265728357323
-0.5252729442968768
-0.8547306655681766
-1.5554130495423506
-3.167402531975228
-6.22835550078689
-9.159203272485392
-10.533897752486126
-10.996170287854532
-11.096210901837793
-11.048544946797222
-10.93501032246212
-10.790078687327854
-10.62982392103687
-10.462399837225306
-10.292224633302752
-10.121814776355404
-9.952655630220278
-9.785643660727239
-9.621324223424201
-9.460025776981148
-9.30193884030963
-9.147164127343592
-8.99574280901775
-8.847676054043912
-8.702937942072245
-8.561484169953864
-8.423258024344662
-8.288194539392952
-8.156223426833453
-8.02727116200518
-7.901262479579816
-7.778121452273872
-7.657772269916251
-7.540139802097327
-7.425150002357304
-7.312730195531372
-7.202809278488626
-7.0953178562452885
-6.990188329656203
-6.887354946657974
-6.786753826122493
-6.688322961279293
-6.592002207402591
-6.497733258418778
-6.405459614744408
-6.315126545058282
-6.226681043722882
-6.140071785210268
-6.055249076605755
-5.972164808880756
-5.890772408012974
-5.811026785713826
-5.732884290984573
-5.656302661999701
-5.581240979115899
-5.50765961883728
-5.435520208923313
-5.364785584931981
-5.295419747711276
-5.227387822632527
-5.160656019878981
-5.095191596104064
-5.030962817565553
-4.967938924424902
-4.9060900964433225
-4.845387419838767
-4.785802855390012
-4.7273092078310235
-4.669880096258745
-4.613489925693582
-4.558113859864516
-4.503727794779475
-4.450308333525527
-4.3978327618514275
-4.3462790248841765
-4.295625704581581
-4.245851998014041
-4.196937696659793
-4.1488631663264375
-4.10160932788669
-4.055157638766907
-4.00949007505296
-3.9645891144186463
-3.9204377195303395
-3.877019322221175
-3.834317808115646
-3.7923175019539794
-3.751003153390837
-3.710359923310919
-3.6703733706819714
-3.6310294399006295
-3.592314448547708
-3.5542150756280106
-3.5167183502293375
-3.479811640586101
-3.44348264354125
-3.407719374375593
-3.3725101570277847
-3.3378436145800423
-3.303708660210662
-3.270094488342423
-3.2369905661676257
-3.204386625456026
-3.17227265464779
-3.1406388911590546
-3.1094758140961027
-3.0787741370458948
-3.048524801253016
-3.0187189689306586
-2.989348016869837
-2.9604035302203977
-2.9318772964648563
-2.903761299650551
-2.876047714777917
-2.848728902357256
-2.8217974031948665
-2.795245933275373
-2.7690673788991393
-2.743254791913962
-2.7178013851258855
-2.6927005278277036
-2.6679457415308714
-2.643530695769232
-2.6194492040846384
-2.595695220105546
-2.5722628337528306
-2.549146267592726
-2.5263398732786024
-2.5038381281024122
-2.4816356316699926
-2.4597271026487966
-2.4381073756475993
-2.416771398200283
-2.395714227759031
-2.3749310289140504
-2.3544170705557357
-2.3341677232247573
-2.314178456509647
-2.2944448364674055
-2.2749625232489437
-2.2557272686488794
-2.236734913811651
-2.2179813870029936
-2.199462701423295
-2.1811749530851063
-2.1631143187540025
-2.1452770539867445
-2.127659491130166
-2.110258037516022
-2.093069173557327
-2.0760894510273826
-2.059315491304074
-2.0427439836949515
-2.026371683809755
-2.010195411981613
-1.9942120516976252
-1.9784185481297607
-1.962811906664384
-1.9473891914797734
-1.9321475241733819
-1.9170840824224011
-1.9021960986586703
-1.8874808588428025
-1.8729357011624688
-1.85855801489755
-1.8443452392058013
-1.8302948620016537
-1.8164044188220416
-1.802671491804724
-1.7890937085663414
-1.7756687412193668
-1.7623943053706195
-1.749268159148258
-1.7362881022472847
-1.7234519750191617
-1.7107576575626047
-1.6982030688650083
-1.6857861659374784
-1.6735049429877122
-1.6613574306023886
-1.6493416949838127
-1.637455837144385
-1.6256979921943158
-1.6140663285728236
-1.6025590473613456
-1.5911743815851702
-1.5799105955358075
-1.5687659840871266
-1.5577388720809002
-1.5468276136928965
-1.5360305917947625
-1.5253462173820924
-1.5147729289763399
-1.504309192059675
-1.4939534985148486
-1.4837043660931146
-1.4735603378599538
-1.463519981701741
-1.453581889812923
-1.4437446781921768
-1.4340069861781937
-1.424367475971394
-1.4148248321623103
-1.4053777613128482
-1.3960249914865166
-1.386765271835578
-1.3775973721846848
-1.3685200826182349
-1.359532213083969
-1.3506325929953944
-1.3418200708673707
-1.333093513922765
-1.3244518077388918
-1.3158938559026874
-1.3074185796380131
-1.299024917492881
-1.2907118249847858
-1.2824782742959273
-1.2743232539230591
-1.2662457684183583
-1.2582448380328597
-1.2503194984595976
-1.2424688005099556
-1.234691809865187
-1.2269876067540375
-1.21935528573315
-1.211793955374394
-1.2043027380341906
-1.1968807695889947
-1.1895271991813945
-1.182241188981707
-1.1750219139514915
-1.167868561603367
-1.1607803317797167
-1.1537564364299198
-1.1467960993787467
-1.1398985561242037
-1.1330630536199635
-1.126288850078903
-1.1195752147709488
-1.112921427811078
-1.1063267799775103
-1.0997905725320123
-1.0933121170235256
-1.0868907350977728
-1.0805257583383923
-1.0742165280846923
-1.0679623952648338
-1.0617627202182638
-1.0556168725486994
-1.0495242309454536
-1.043484183043117
-1.03749612525528
-1.0315594626340803
-1.025673608714157
-1.019837985372489
-1.0140520226845304
-1.0083151587836239
-1.0026268397343967
-0.9969865193774214
-0.9913936592233802
-0.9858477283119551
-0.9803482030824097
-0.9748945672547976
-0.969486311713506
-0.9641229343790354
-0.9588039400992412
-0.9535288405308465
-0.9482971540256437
-0.9431084055281554
-0.9379621264611436
-0.9328578546162144
-0.9277951340644627
-0.9227735150410203
-0.9177925538487673
-0.9128518127635934
-0.9079508599375794
-0.9030892692992909
-0.8982666204653654
-0.8934824986512051
-0.8887364945822176
-0.8840282043999449
-0.8793572295787332
-0.8747231768494311
-0.8701256581039665
-0.8655642903218298
-0.8610386954916235
-0.8565485005256115
-0.8520933371895726
-0.8476728420231163
-0.8432866562698275
-0.8389344257986817
-0.8346158010409176
-0.8303304369037319
-0.8260779927263173
-0.8218581321892979
-0.8176705232586408
-0.8135148381176945
-0.8093907531061464
-0.8052979486616784
-0.8012361092355555
-0.7972049232614541
-0.7932040830709175
-0.7892332848609425
-0.7852922286036826
-0.7813806180211468
-0.7774981605044687
-0.7736445670794844
-0.7698195523338666
-0.7660228343859786
-0.7622541348120073
-0.7585131786069003
-0.7547996941317331
-0.7511134130624711
-0.7474540703412768
-0.743821404139554
-0.7402151557914465
-0.7366350697623025
-0.7330808936030276
-0.7295523778997738
-0.7260492762284518
-0.7225713451215664
-0.7191183440180554
-0.7156900352237354
-0.7122861838690562
-0.7089065578730273
-0.7055509278991808
-0.7022190673219911
-0.6989107521799118
-0.6956257611398255
-0.6923638754766096
-0.6891248790123332
-0.6859085580887797
-0.6827147015461563
-0.6795431006681818
-0.6763935491570734
-0.6732658431055811
-0.670159780951233
-0.6670751634574704
-0.6640117936686534
-0.6609694768891305
-0.6579480206465906
-0.654947234664492
-0.6519669308287381
-0.6490069231627186
-0.6460670277932788
-0.6431470629268047
-0.6402468488165045
-0.6373662077437794
-0.6345049639742499
-0.6316629437492068
-0.6288399752496353
-0.6260358885710128
-0.6232505156964417
-0.6204836904794778
-0.6177352486076926
-0.6150050275850958
-0.6122928667086636
-0.6095986070464542
-0.6069220914013496
-0.60426316430852
-0.6016216719973425
-0.5989974623696882
-0.5963903849918192
-0.5938002910543176
-0.5912270333679186
-0.5886704663231487
-0.586130445896958
-0.583606829600643
-0.5810994764865267
-0.5786082471126227
-0.5761330035319292
-0.5736736092635181
-0.5712299292856675
-0.5688018300091214
-0.5663891792631218
-0.5639918462697059
-0.5616097016393969
-0.5592426173406579
-0.5568904666879301
-0.5545531243306211
-0.5522304662243473
-0.5499223696247583
-0.5476287130636797
-0.5453493763416265
-0.5430842405031263
-0.5408331878295327
-0.5385961018106838
-0.5363728671494513
-0.534163369731919
-0.5319674966138229
-0.5297851360129606
-0.5276161772903206
-0.5254605109357177
-0.5233180285571706
-0.5211886228628506
-0.5190721876524498
-0.5169686178000212
-0.5148778092447015
-0.512799658971138
-0.5107340650068
-0.508680926399154
-0.5066401432123933
-0.5046116165096398
-0.5025952483389142